<?xml version="1.0" encoding="UTF-8" standalone="no"?>
<!DOCTYPE svg PUBLIC "-//W3C//DTD SVG 20010904//EN"
              "http://www.w3.org/TR/2001/REC-SVG-20010904/DTD/svg10.dtd">

<svg xmlns="http://www.w3.org/2000/svg"
     width="18.4005in" height="2.77743in"
     viewBox="0 0 1325 200">
  <path id="Sélection #1"
        fill="none" stroke="black" stroke-width="1"
        d="M 1325.00,0.00
           C 1325.00,0.00 1325.00,200.00 1325.00,200.00
             1325.00,200.00 0.00,200.00 0.00,200.00
             0.00,200.00 0.00,0.00 0.00,0.00
             0.00,0.00 1325.00,0.00 1325.00,0.00 Z
           M 29.17,42.23
           C 27.18,45.49 28.00,62.24 28.00,67.00
             28.00,67.00 28.00,131.00 28.00,131.00
             28.00,136.15 26.47,148.92 31.23,151.83
             33.50,153.22 37.37,153.00 40.00,153.00
             51.28,153.02 53.98,153.35 54.00,141.00
             54.00,141.00 54.00,64.00 54.00,64.00
             54.00,58.89 55.35,43.95 51.57,40.74
             49.16,38.69 44.99,39.00 42.00,39.21
             38.77,38.99 36.27,38.93 33.04,39.21
             31.19,40.24 30.35,40.30 29.17,42.23 Z
           M 214.00,49.00
           C 213.96,46.44 214.02,43.50 212.26,41.43
             209.24,37.88 192.76,37.88 189.74,41.43
             187.69,43.84 188.00,48.01 188.00,51.00
             188.00,51.00 188.00,129.00 188.00,129.00
             188.00,146.43 185.58,152.83 198.00,152.88
             198.00,152.88 204.00,152.88 204.00,152.88
             204.00,152.88 212.00,152.88 212.00,152.88
             212.00,152.88 222.00,154.83 222.00,154.83
             235.20,156.26 246.36,154.90 255.96,144.99
             259.09,141.75 260.25,139.97 262.24,136.00
             264.73,131.04 265.54,128.52 266.00,123.00
             266.00,123.00 268.00,123.00 268.00,123.00
             269.25,137.86 279.52,150.28 294.00,154.08
             298.91,155.36 306.74,155.06 312.00,155.00
             319.22,154.91 326.10,152.61 332.00,148.37
             341.59,141.46 346.86,128.58 347.00,117.00
             347.19,100.19 347.42,82.73 332.00,71.63
             321.97,64.42 313.63,64.87 302.00,65.00
             284.52,65.21 268.87,79.24 268.00,97.00
             268.00,97.00 266.00,97.00 266.00,97.00
             264.81,82.90 254.25,68.56 240.00,65.52
             231.64,63.73 222.17,65.16 214.00,67.00
             214.00,67.00 214.00,49.00 214.00,49.00 Z
           M 872.00,51.00
           C 872.00,48.01 872.31,43.84 870.26,41.43
             867.24,37.88 850.76,37.88 847.74,41.43
             845.82,43.68 846.02,47.21 846.00,50.00
             846.00,50.00 846.00,58.00 846.00,58.00
             846.07,63.18 846.20,64.34 850.00,68.00
             848.69,68.79 848.10,68.82 847.17,70.29
             845.35,73.20 846.00,85.03 846.00,89.00
             846.00,89.00 846.00,142.00 846.00,142.00
             846.04,150.38 847.11,152.87 856.00,153.00
             866.62,153.14 871.93,154.65 872.00,142.00
             872.00,142.00 872.00,102.00 872.00,102.00
             872.00,102.00 872.00,82.00 872.00,82.00
             872.00,79.18 872.27,73.53 871.26,71.09
             870.44,69.09 869.47,68.42 868.00,67.00
             873.55,63.66 872.01,56.77 872.00,51.00 Z
           M 50.83,43.43
           C 52.24,45.48 52.00,49.55 52.00,52.00
             52.00,52.00 52.00,126.00 52.00,126.00
             52.00,146.60 54.20,150.84 43.00,151.00
             43.00,151.00 39.00,151.00 39.00,151.00
             29.87,150.87 30.01,148.18 30.00,140.00
             30.00,140.00 30.00,67.00 30.00,67.00
             30.00,62.95 29.48,46.92 30.74,44.23
             31.55,42.49 31.91,42.69 33.23,41.74
             37.04,40.73 48.34,39.82 50.83,43.43 Z
           M 208.73,150.28
           C 205.83,151.60 194.04,151.57 191.74,149.26
             189.94,147.46 190.04,144.36 190.00,142.00
             190.00,142.00 190.00,66.00 190.00,66.00
             190.00,66.00 190.00,51.00 190.00,51.00
             190.02,48.07 189.70,44.05 192.43,42.17
             194.57,40.70 199.40,40.99 202.00,41.00
             204.57,41.01 208.31,40.78 210.26,42.74
             212.35,44.82 212.00,49.24 212.00,52.00
             212.00,52.00 212.00,72.00 212.00,72.00
             217.71,68.84 219.58,68.34 226.00,67.43
             276.72,60.21 278.54,155.73 229.00,152.91
             221.68,152.49 217.57,150.79 211.00,148.00
             210.18,149.18 210.28,149.57 208.73,150.28 Z
           M 35.00,46.00
           C 35.00,46.00 35.00,146.00 35.00,146.00
             35.00,146.00 47.00,146.00 47.00,146.00
             47.00,146.00 47.00,46.00 47.00,46.00
             47.00,46.00 35.00,46.00 35.00,46.00 Z
           M 195.00,46.00
           C 195.00,46.00 195.00,146.00 195.00,146.00
             195.00,146.00 207.00,146.00 207.00,146.00
             207.00,146.00 207.00,137.00 207.00,137.00
             215.76,146.62 219.21,148.15 232.00,148.00
             245.04,147.84 253.04,139.70 257.53,128.00
             260.35,120.68 260.09,113.67 260.00,106.00
             259.79,88.53 249.99,72.22 231.00,72.00
             218.81,71.86 215.23,73.97 207.00,83.00
             207.00,83.00 207.00,46.00 207.00,46.00
             207.00,46.00 195.00,46.00 195.00,46.00 Z
           M 123.00,120.00
           C 126.53,120.00 134.99,120.53 137.77,118.83
             141.26,116.70 140.98,112.56 140.77,109.00
             141.02,105.04 141.20,98.70 140.77,95.00
             137.46,77.98 124.68,65.21 107.00,65.00
             91.72,64.82 80.21,65.09 69.47,78.01
             59.30,90.24 59.83,102.20 60.00,117.00
             60.27,139.47 78.11,154.97 100.00,155.00
             110.48,155.02 116.68,155.56 127.00,152.25
             129.67,151.40 134.50,149.75 136.26,147.59
             138.03,145.43 137.96,142.63 137.86,140.00
             137.86,140.00 137.86,135.00 137.86,135.00
             137.99,133.30 138.03,130.64 137.86,129.04
             136.26,124.54 132.18,123.64 128.00,124.21
             122.56,124.97 117.33,129.91 106.42,130.16
             97.83,130.36 93.94,126.50 89.00,120.00
             89.00,120.00 123.00,120.00 123.00,120.00 Z
           M 377.58,67.83
           C 371.46,68.12 356.93,63.67 353.74,71.11
             352.86,73.14 353.00,76.75 353.00,79.00
             353.00,79.00 353.00,142.00 353.00,142.00
             353.06,153.71 356.84,153.02 367.00,153.00
             376.67,152.98 378.95,152.23 379.00,142.00
             379.00,142.00 379.00,112.00 379.00,112.00
             379.07,106.62 379.71,99.26 383.28,95.03
             387.79,89.70 394.92,87.67 398.69,95.03
             400.59,98.72 400.99,106.77 401.00,111.00
             401.00,111.00 401.00,135.00 401.00,135.00
             401.00,139.29 400.01,148.36 403.43,151.26
             406.06,153.50 411.66,153.01 415.00,153.00
             425.66,152.98 426.98,151.66 427.00,141.00
             427.00,141.00 427.00,125.00 427.00,125.00
             427.00,105.31 431.92,72.76 407.00,65.93
             403.39,64.94 400.67,65.01 397.00,65.16
             397.00,65.16 386.00,65.16 386.00,65.16
             386.00,65.16 377.58,67.83 377.58,67.83 Z
           M 474.67,96.00
           C 473.68,100.65 473.94,110.84 474.00,116.00
             474.25,137.01 489.37,154.74 511.00,155.00
             520.07,155.10 527.32,155.74 536.00,152.56
             538.71,151.57 542.27,150.36 543.83,147.78
             545.42,145.13 545.04,138.23 544.78,135.00
             544.98,133.52 544.98,131.45 544.78,129.97
             541.48,119.43 527.87,129.37 520.00,129.97
             510.40,130.56 504.01,124.11 502.30,115.00
             501.71,111.86 501.71,108.14 502.30,105.00
             503.72,97.46 508.92,90.70 517.00,90.10
             527.31,89.33 542.37,101.83 544.89,88.98
             544.89,88.98 544.89,84.00 544.89,84.00
             545.02,80.83 545.40,74.86 543.83,72.21
             541.97,69.09 537.30,67.71 534.00,66.72
             526.47,64.46 513.90,64.51 506.00,65.30
             489.68,68.38 478.15,79.68 474.67,96.00 Z
           M 581.00,93.09
           C 571.31,93.02 561.31,95.05 554.18,102.18
             546.62,109.75 546.95,118.22 547.00,128.00
             547.01,130.93 546.97,133.12 547.79,136.00
             549.20,140.98 552.07,145.34 556.02,148.67
             564.09,155.51 571.23,155.02 581.00,154.77
             583.77,155.00 586.25,155.05 589.00,154.77
             589.00,154.77 596.58,152.26 596.58,152.26
             596.58,152.26 610.00,153.00 610.00,153.00
             620.66,152.98 621.98,151.66 622.00,141.00
             622.00,141.00 622.00,108.00 622.00,108.00
             622.00,95.13 622.37,82.85 611.96,73.18
             603.02,64.89 594.27,65.00 583.00,65.00
             576.74,65.00 574.31,64.73 568.00,66.00
             559.41,67.74 552.19,68.68 552.00,79.00
             551.95,82.17 551.60,89.20 553.17,91.77
             556.09,96.54 562.79,94.91 567.00,93.09
             575.81,89.83 583.43,87.78 592.00,93.09
             592.00,93.09 581.00,93.09 581.00,93.09 Z
           M 643.00,67.00
           C 640.06,67.04 636.83,66.98 634.74,69.43
             632.69,71.84 633.00,76.01 633.00,79.00
             633.00,79.00 633.00,142.00 633.00,142.00
             633.06,153.71 636.84,153.02 647.00,153.00
             657.66,152.98 658.98,151.66 659.00,141.00
             659.00,141.00 659.00,112.00 659.00,112.00
             659.07,106.62 659.71,99.26 663.28,95.03
             667.63,89.89 674.02,87.88 677.69,95.03
             679.59,98.72 679.99,106.77 680.00,111.00
             680.00,111.00 680.00,135.00 680.00,135.00
             680.00,139.29 679.01,148.36 682.43,151.26
             685.17,153.59 692.41,153.05 696.00,153.00
             698.94,152.96 702.17,153.02 704.26,150.57
             706.02,148.50 705.96,145.56 706.00,143.00
             706.00,143.00 706.00,114.00 706.00,114.00
             706.01,105.92 706.35,96.50 714.00,91.74
             715.83,90.60 717.86,89.97 719.98,90.64
             726.83,92.82 726.99,105.10 727.00,111.00
             727.00,111.00 727.00,143.00 727.00,143.00
             727.16,154.74 733.52,153.13 743.00,153.00
             745.56,152.96 748.50,153.02 750.57,151.26
             753.41,148.85 752.99,144.37 753.00,141.00
             753.00,141.00 753.00,97.00 753.00,97.00
             752.91,78.61 743.37,65.03 724.00,65.00
             719.36,64.99 714.44,64.62 710.00,66.10
             706.85,67.16 700.26,71.19 698.00,71.15
             694.81,71.10 691.87,67.48 686.00,65.56
             681.86,64.60 670.50,64.83 666.00,65.56
             652.08,68.43 656.45,66.82 643.00,67.00 Z
           M 822.00,151.47
           C 833.89,144.68 840.84,130.42 841.00,117.00
             841.00,117.00 841.00,103.00 841.00,103.00
             840.76,82.67 827.25,65.03 806.00,65.00
             789.54,64.97 791.85,67.11 786.00,67.39
             780.33,67.67 766.56,64.69 763.17,70.23
             761.78,72.50 762.00,76.37 762.00,79.00
             762.00,79.00 762.00,156.00 762.00,156.00
             762.00,173.43 759.58,179.83 772.00,180.00
             772.00,180.00 778.00,180.00 778.00,180.00
             786.04,179.89 787.89,178.04 788.00,170.00
             788.00,170.00 788.00,153.00 788.00,153.00
             797.64,155.79 813.06,156.58 822.00,151.47 Z
           M 907.58,67.83
           C 901.46,68.12 886.93,63.67 883.74,71.11
             882.86,73.14 883.00,76.75 883.00,79.00
             883.00,79.00 883.00,142.00 883.00,142.00
             883.06,153.71 886.84,153.02 897.00,153.00
             906.67,152.98 908.95,152.23 909.00,142.00
             909.00,142.00 909.00,112.00 909.00,112.00
             909.07,106.62 909.71,99.26 913.28,95.03
             917.79,89.70 924.92,87.67 928.69,95.03
             930.59,98.72 930.99,106.77 931.00,111.00
             931.00,111.00 931.00,135.00 931.00,135.00
             931.00,139.29 930.01,148.36 933.43,151.26
             936.06,153.50 941.66,153.01 945.00,153.00
             955.66,152.98 956.98,151.66 957.00,141.00
             957.00,141.00 957.00,125.00 957.00,125.00
             957.00,105.31 961.92,72.76 937.00,65.93
             933.39,64.94 930.67,65.01 927.00,65.16
             927.00,65.16 916.00,65.16 916.00,65.16
             916.00,65.16 907.58,67.83 907.58,67.83 Z
           M 971.00,167.00
           C 971.19,177.09 977.53,177.89 986.00,179.39
             989.72,180.04 991.30,179.99 995.00,180.00
             1007.62,180.02 1018.34,181.08 1028.96,172.47
             1036.85,166.08 1040.88,153.91 1041.00,144.00
             1041.00,144.00 1041.00,93.00 1041.00,93.00
             1041.00,87.78 1042.37,71.97 1038.57,68.74
             1036.32,66.82 1032.79,67.02 1030.00,67.11
             1030.00,67.11 1025.00,67.11 1025.00,67.11
             1025.00,67.11 1016.00,67.11 1016.00,67.11
             1016.00,67.11 1008.00,65.32 1008.00,65.32
             999.14,63.85 986.74,64.69 979.00,69.47
             969.58,75.28 963.34,87.11 962.09,98.00
             962.09,98.00 962.09,115.00 962.09,115.00
             962.04,122.28 963.78,129.59 967.35,136.00
             971.12,142.79 974.72,145.76 981.00,150.00
             968.92,150.31 970.82,157.15 971.00,167.00 Z
           M 1133.00,155.00
           C 1140.69,155.01 1159.31,155.30 1163.83,147.78
             1165.42,145.13 1165.04,138.23 1164.78,135.00
             1164.98,133.52 1164.98,131.45 1164.78,129.97
             1161.29,118.76 1147.32,130.67 1137.00,129.97
             1116.81,128.40 1116.81,91.60 1137.00,90.10
             1147.31,89.33 1162.37,101.83 1164.89,88.98
             1164.89,88.98 1164.89,83.00 1164.89,83.00
             1165.01,79.52 1165.51,74.21 1163.26,71.39
             1161.09,68.67 1155.33,67.03 1152.00,66.16
             1142.80,63.74 1124.65,64.30 1116.00,68.32
             1099.78,75.87 1098.39,86.36 1093.00,101.00
             1090.53,96.89 1088.52,97.07 1084.00,97.00
             1084.00,97.00 1055.00,97.00 1055.00,97.00
             1052.06,97.04 1048.83,96.98 1046.74,99.43
             1043.92,102.74 1044.03,117.37 1047.43,120.26
             1049.50,122.02 1052.44,121.96 1055.00,122.00
             1055.00,122.00 1084.00,122.00 1084.00,122.00
             1089.18,121.93 1090.34,121.80 1094.00,118.00
             1095.80,140.00 1110.69,154.97 1133.00,155.00 Z
           M 1201.00,93.09
           C 1191.31,93.02 1181.31,95.05 1174.18,102.18
             1166.62,109.75 1166.95,118.22 1167.00,128.00
             1167.01,130.93 1166.97,133.12 1167.79,136.00
             1169.20,140.98 1172.07,145.34 1176.02,148.67
             1184.09,155.51 1191.23,155.02 1201.00,154.77
             1203.77,155.00 1206.25,155.05 1209.00,154.77
             1209.00,154.77 1216.58,152.26 1216.58,152.26
             1216.58,152.26 1230.00,153.00 1230.00,153.00
             1240.66,152.98 1241.98,151.66 1242.00,141.00
             1242.00,141.00 1242.00,108.00 1242.00,108.00
             1242.00,95.13 1242.37,82.85 1231.96,73.18
             1223.02,64.89 1214.27,65.00 1203.00,65.00
             1196.74,65.00 1194.31,64.73 1188.00,66.00
             1179.41,67.74 1172.19,68.68 1172.00,79.00
             1171.95,82.17 1171.60,89.20 1173.17,91.77
             1176.09,96.54 1182.79,94.91 1187.00,93.09
             1195.81,89.83 1203.43,87.78 1212.00,93.09
             1212.00,93.09 1201.00,93.09 1201.00,93.09 Z
           M 1263.00,67.00
           C 1260.06,67.04 1256.83,66.98 1254.74,69.43
             1252.69,71.84 1253.00,76.01 1253.00,79.00
             1253.00,79.00 1253.00,142.00 1253.00,142.00
             1253.06,153.71 1256.84,153.02 1267.00,153.00
             1277.66,152.98 1278.98,151.66 1279.00,141.00
             1279.00,141.00 1279.00,114.00 1279.00,114.00
             1279.06,109.11 1279.93,101.07 1282.70,97.02
             1285.22,93.32 1288.46,91.10 1293.00,91.13
             1297.29,91.16 1305.53,94.26 1308.26,87.89
             1309.14,85.86 1309.00,82.25 1309.00,80.00
             1309.00,76.87 1309.35,71.81 1307.83,69.11
             1304.60,63.37 1291.76,64.69 1286.00,65.32
             1272.08,68.43 1276.45,66.82 1263.00,67.00 Z
           M 117.00,131.28
           C 121.58,129.91 131.24,124.22 134.83,129.43
             136.13,131.33 136.00,134.76 136.00,137.00
             136.00,139.35 136.13,142.58 134.83,144.61
             133.33,146.93 129.52,148.25 127.00,149.14
             121.27,151.16 112.08,152.72 106.00,152.96
             94.63,153.40 80.15,149.55 72.32,140.91
             58.34,125.47 58.86,93.11 73.18,78.09
             80.39,70.53 93.70,66.51 104.00,67.09
             119.51,67.97 131.21,74.62 136.25,90.00
             137.96,95.21 139.15,104.49 138.98,110.00
             138.92,112.14 138.89,114.64 137.26,116.26
             135.18,118.35 130.76,118.00 128.00,118.00
             128.00,118.00 86.00,118.00 86.00,118.00
             90.42,132.99 103.75,135.25 117.00,131.28 Z
           M 334.82,78.04
           C 348.78,93.21 348.34,129.66 332.96,143.82
             326.52,149.74 320.36,151.37 312.00,152.57
             300.10,154.28 286.23,150.33 278.33,140.99
             265.75,126.13 265.92,92.46 279.18,78.04
             286.02,70.61 292.55,68.97 302.00,67.43
             313.64,65.99 326.69,69.20 334.82,78.04 Z
           M 385.00,68.51
           C 396.21,65.67 410.97,66.94 418.36,77.02
             423.73,84.32 424.99,96.14 425.00,105.00
             425.00,105.00 425.00,140.00 425.00,140.00
             425.00,142.76 425.35,147.18 423.26,149.26
             421.09,151.44 415.92,151.01 413.00,151.00
             403.30,150.95 403.01,149.19 403.00,140.00
             403.00,140.00 403.00,105.00 403.00,105.00
             402.99,100.36 403.12,96.04 400.30,92.04
             393.87,82.93 383.63,88.02 379.09,96.00
             377.20,99.31 377.05,102.31 377.00,106.00
             377.00,106.00 377.00,135.00 377.00,135.00
             377.00,138.49 377.73,146.80 375.26,149.26
             373.02,151.50 367.05,151.04 364.00,151.00
             354.87,150.87 355.01,148.18 355.00,140.00
             355.00,140.00 355.00,80.00 355.00,80.00
             355.00,77.24 354.65,72.82 356.74,70.74
             359.04,68.43 370.83,68.40 373.73,69.72
             375.28,70.43 375.18,70.82 376.00,72.00
             378.95,70.75 381.88,69.30 385.00,68.51 Z
           M 541.83,74.39
           C 543.13,76.44 543.00,79.63 543.00,82.00
             543.00,84.56 543.21,88.32 541.26,90.26
             539.09,92.43 535.61,91.90 533.00,91.05
             527.00,89.09 523.91,86.61 517.00,87.10
             500.86,88.23 494.79,109.32 501.44,122.00
             506.26,131.19 515.21,134.83 525.00,131.96
             529.32,130.69 536.37,126.32 540.57,129.18
             543.09,130.89 542.96,134.29 543.00,137.00
             543.09,144.80 542.87,147.06 535.00,149.91
             519.67,155.46 497.60,153.64 486.18,140.98
             472.88,126.23 472.68,93.72 486.18,79.04
             493.70,70.87 501.64,68.99 512.00,67.42
             518.89,66.58 537.79,68.07 541.83,74.39 Z
           M 571.00,88.75
           C 566.60,90.04 557.56,94.83 554.74,88.75
             554.01,87.21 554.02,84.72 554.00,83.00
             553.97,80.49 553.79,76.53 555.17,74.39
             557.28,71.14 567.17,68.89 571.00,68.29
             586.77,65.84 607.70,66.38 615.67,83.00
             621.83,95.82 620.02,124.94 620.00,140.00
             620.00,142.76 620.35,147.18 618.26,149.26
             615.96,151.57 604.17,151.60 601.27,150.28
             599.72,149.57 599.82,149.18 599.00,148.00
             586.65,152.91 573.25,155.78 561.00,148.64
             545.72,139.73 546.00,113.40 557.18,103.39
             567.01,94.59 584.63,95.00 597.00,95.00
             590.09,85.60 581.41,85.60 571.00,88.75 Z
           M 685.00,68.62
           C 691.47,70.62 695.17,74.99 698.00,74.99
             700.91,74.99 703.20,71.42 710.00,69.10
             721.92,65.04 737.65,66.68 745.03,78.00
             749.39,84.69 750.90,95.11 751.00,103.00
             751.00,103.00 751.00,141.00 751.00,141.00
             750.94,151.65 748.23,151.14 738.00,151.00
             728.87,150.87 729.01,148.18 729.00,140.00
             729.00,140.00 729.00,105.00 729.00,105.00
             728.99,100.29 729.12,96.10 726.30,92.02
             720.06,82.99 710.49,88.27 706.09,96.00
             704.20,99.31 704.05,102.31 704.00,106.00
             704.00,106.00 704.00,135.00 704.00,135.00
             704.00,138.49 704.73,146.80 702.26,149.26
             700.02,151.50 694.05,151.04 691.00,151.00
             681.87,150.87 682.01,148.18 682.00,140.00
             682.00,140.00 682.00,105.00 682.00,105.00
             681.99,100.52 682.16,95.87 679.44,92.02
             673.11,83.04 663.52,88.21 659.09,96.00
             657.20,99.31 657.05,102.31 657.00,106.00
             657.00,106.00 657.00,135.00 657.00,135.00
             657.00,138.49 657.73,146.80 655.26,149.26
             653.02,151.50 647.05,151.04 644.00,151.00
             634.87,150.87 635.01,148.18 635.00,140.00
             635.00,140.00 635.00,80.00 635.00,80.00
             635.00,77.24 634.65,72.82 636.74,70.74
             639.04,68.43 650.83,68.40 653.73,69.72
             655.28,70.43 655.18,70.82 656.00,72.00
             665.91,67.80 674.25,65.30 685.00,68.62 Z
           M 805.00,67.10
           C 826.29,68.05 835.74,82.47 838.28,102.00
             841.26,124.87 832.86,151.34 806.00,152.91
             799.02,153.31 792.04,151.34 786.00,148.00
             786.00,148.00 786.00,168.00 786.00,168.00
             785.99,170.26 786.14,173.65 784.83,175.57
             782.50,178.94 768.52,179.04 765.74,176.26
             763.65,174.18 764.00,169.76 764.00,167.00
             764.00,167.00 764.00,78.00 764.00,78.00
             764.04,75.64 763.94,72.54 765.74,70.74
             768.04,68.43 779.83,68.40 782.73,69.72
             784.28,70.43 784.18,70.82 785.00,72.00
             791.46,69.26 797.80,66.78 805.00,67.10 Z
           M 915.00,68.51
           C 926.21,65.67 940.97,66.94 948.36,77.02
             953.73,84.32 954.99,96.14 955.00,105.00
             955.00,105.00 955.00,140.00 955.00,140.00
             955.00,142.76 955.35,147.18 953.26,149.26
             951.09,151.44 945.92,151.01 943.00,151.00
             933.30,150.95 933.01,149.19 933.00,140.00
             933.00,140.00 933.00,105.00 933.00,105.00
             932.99,100.36 933.12,96.04 930.30,92.04
             923.87,82.93 913.63,88.02 909.09,96.00
             907.20,99.31 907.05,102.31 907.00,106.00
             907.00,106.00 907.00,135.00 907.00,135.00
             907.00,138.49 907.73,146.80 905.26,149.26
             903.02,151.50 897.05,151.04 894.00,151.00
             884.87,150.87 885.01,148.18 885.00,140.00
             885.00,140.00 885.00,80.00 885.00,80.00
             885.00,77.24 884.65,72.82 886.74,70.74
             889.04,68.43 900.83,68.40 903.73,69.72
             905.28,70.43 905.18,70.82 906.00,72.00
             908.95,70.75 911.88,69.30 915.00,68.51 Z
           M 1000.00,150.91
           C 991.95,151.37 980.83,147.71 975.18,141.90
             955.32,121.42 960.83,64.86 1000.00,67.09
             1007.32,67.51 1011.43,69.21 1018.00,72.00
             1018.82,70.82 1018.72,70.43 1020.27,69.72
             1023.17,68.40 1034.96,68.43 1037.26,70.74
             1039.35,72.82 1039.00,77.24 1039.00,80.00
             1039.00,80.00 1039.00,135.00 1039.00,135.00
             1038.97,152.89 1034.87,171.22 1015.00,176.22
             1005.62,178.41 994.44,178.27 985.00,176.22
             976.72,174.63 973.12,174.09 973.06,165.00
             973.06,165.00 973.06,159.02 973.06,159.02
             974.44,147.35 986.65,156.84 996.00,157.83
             1005.61,158.84 1011.44,155.49 1016.00,147.00
             1010.54,149.17 1005.94,150.57 1000.00,150.91 Z
           M 1161.83,74.39
           C 1163.13,76.44 1163.00,79.63 1163.00,82.00
             1163.00,84.56 1163.21,88.32 1161.26,90.26
             1159.09,92.43 1155.61,91.90 1153.00,91.05
             1147.00,89.09 1143.91,86.61 1137.00,87.10
             1120.86,88.23 1114.79,109.32 1121.44,122.00
             1126.26,131.19 1135.21,134.83 1145.00,131.96
             1149.32,130.69 1156.37,126.32 1160.57,129.18
             1163.09,130.89 1162.96,134.29 1163.00,137.00
             1163.09,144.80 1162.87,147.06 1155.00,149.91
             1139.67,155.46 1117.60,153.64 1106.18,140.98
             1092.88,126.23 1092.68,93.72 1106.18,79.04
             1113.70,70.87 1121.64,68.99 1132.00,67.42
             1138.89,66.58 1157.79,68.07 1161.83,74.39 Z
           M 1191.00,88.75
           C 1186.60,90.04 1177.56,94.83 1174.74,88.75
             1174.01,87.21 1174.02,84.72 1174.00,83.00
             1173.97,80.49 1173.79,76.53 1175.17,74.39
             1177.28,71.14 1187.17,68.89 1191.00,68.29
             1206.77,65.84 1227.70,66.38 1235.67,83.00
             1241.83,95.82 1240.02,124.94 1240.00,140.00
             1240.00,142.76 1240.35,147.18 1238.26,149.26
             1235.96,151.57 1224.17,151.60 1221.27,150.28
             1219.72,149.57 1219.82,149.18 1219.00,148.00
             1206.65,152.91 1193.25,155.78 1181.00,148.64
             1165.72,139.73 1166.00,113.40 1177.18,103.39
             1187.01,94.59 1204.63,95.00 1217.00,95.00
             1210.09,85.60 1201.41,85.60 1191.00,88.75 Z
           M 1298.00,67.18
           C 1300.57,67.43 1304.28,68.14 1305.83,70.43
             1307.28,72.58 1307.03,77.39 1306.89,80.00
             1306.89,80.00 1306.89,83.96 1306.89,83.96
             1305.03,92.99 1295.20,86.15 1288.00,88.89
             1278.84,92.37 1277.01,101.41 1277.00,110.00
             1277.00,110.00 1277.00,141.00 1277.00,141.00
             1276.99,143.57 1277.22,147.31 1275.26,149.26
             1273.02,151.50 1267.05,151.04 1264.00,151.00
             1254.87,150.87 1255.01,148.18 1255.00,140.00
             1255.00,140.00 1255.00,80.00 1255.00,80.00
             1255.00,77.24 1254.65,72.82 1256.74,70.74
             1259.04,68.43 1270.83,68.40 1273.73,69.72
             1275.28,70.43 1275.18,70.82 1276.00,72.00
             1282.81,69.11 1290.43,66.44 1298.00,67.18 Z
           M 868.83,71.43
           C 870.14,73.35 869.99,76.74 870.00,79.00
             870.00,79.00 870.00,142.00 870.00,142.00
             869.89,149.55 868.55,150.89 861.00,151.00
             861.00,151.00 857.00,151.00 857.00,151.00
             849.45,150.89 848.11,149.55 848.00,142.00
             848.00,142.00 848.00,89.00 848.00,89.00
             848.00,83.30 846.25,73.33 851.23,69.74
             855.04,68.73 866.34,67.82 868.83,71.43 Z
           M 128.20,84.00
           C 116.51,67.38 88.03,68.01 75.33,83.01
             67.24,92.57 66.86,102.20 67.00,114.00
             67.19,129.59 75.85,142.05 91.00,146.56
             97.14,148.39 102.67,148.07 109.00,148.00
             113.44,147.94 128.41,145.74 130.43,141.58
             131.26,139.86 131.00,133.24 131.00,131.00
             131.00,131.00 116.00,136.24 116.00,136.24
             104.15,139.26 90.94,137.31 84.22,126.00
             81.84,121.99 81.34,117.38 80.00,113.00
             80.00,113.00 134.00,113.00 134.00,113.00
             134.00,102.51 134.63,93.14 128.20,84.00 Z
           M 274.15,100.00
           C 274.15,100.00 274.15,115.00 274.15,115.00
             274.21,132.44 285.65,147.77 304.00,148.00
             314.09,148.12 320.96,148.04 328.98,140.82
             339.98,130.92 340.16,118.58 340.00,105.00
             339.87,94.06 335.12,83.18 326.00,76.80
             318.22,71.35 308.10,71.33 299.00,72.32
             285.04,75.46 276.32,85.98 274.15,100.00 Z
           M 420.00,108.00
           C 420.00,100.24 420.71,92.28 417.47,85.00
             412.65,74.17 404.85,71.88 394.00,72.00
             389.18,72.06 385.23,72.71 381.00,75.22
             377.08,77.55 374.70,80.44 372.00,84.00
             372.00,84.00 372.00,74.00 372.00,74.00
             372.00,74.00 360.00,74.00 360.00,74.00
             360.00,74.00 360.00,146.00 360.00,146.00
             360.00,146.00 372.00,146.00 372.00,146.00
             372.00,146.00 372.00,111.00 372.00,111.00
             372.03,105.56 372.80,97.80 375.41,93.00
             380.00,84.58 392.52,78.64 400.90,85.43
             406.87,90.27 407.91,99.78 408.00,107.00
             408.00,107.00 408.00,146.00 408.00,146.00
             408.00,146.00 420.00,146.00 420.00,146.00
             420.00,146.00 420.00,108.00 420.00,108.00 Z
           M 537.01,76.70
           C 535.55,74.76 530.35,73.46 528.00,72.90
             519.41,70.84 505.82,71.59 498.00,75.90
             482.55,84.42 480.82,98.23 481.00,114.00
             481.22,132.39 493.99,147.77 513.00,148.00
             518.50,148.06 533.48,148.00 537.01,143.30
             538.46,141.36 538.00,134.59 538.00,132.00
             528.17,134.80 521.23,140.08 510.00,136.15
             490.49,129.33 489.78,97.92 505.00,86.56
             511.78,81.49 521.33,81.85 529.00,84.55
             529.00,84.55 538.00,88.00 538.00,88.00
             538.00,85.41 538.46,78.64 537.01,76.70 Z
           M 615.00,100.00
           C 614.88,89.73 610.78,79.59 601.00,74.92
             594.14,71.64 587.36,71.92 580.00,72.00
             571.47,72.10 566.89,74.22 559.00,76.00
             559.00,76.00 559.00,88.00 559.00,88.00
             559.00,88.00 570.00,84.16 570.00,84.16
             580.02,81.45 593.97,80.97 600.15,91.00
             601.79,93.66 602.39,96.98 603.00,100.00
             603.00,100.00 583.00,100.00 583.00,100.00
             577.29,100.01 573.41,100.26 568.00,102.47
             556.52,107.16 553.87,114.50 554.00,126.00
             554.07,131.97 555.10,136.37 559.21,140.96
             567.06,149.72 584.28,150.29 594.00,144.64
             598.08,142.27 600.21,139.68 603.00,136.00
             603.00,136.00 603.00,146.00 603.00,146.00
             603.00,146.00 615.00,146.00 615.00,146.00
             615.00,146.00 615.00,100.00 615.00,100.00 Z
           M 674.00,72.00
           C 669.67,72.05 665.88,72.43 662.00,74.56
             657.66,76.93 654.93,80.14 652.00,84.00
             652.00,84.00 652.00,74.00 652.00,74.00
             652.00,74.00 640.00,74.00 640.00,74.00
             640.00,74.00 640.00,146.00 640.00,146.00
             640.00,146.00 652.00,146.00 652.00,146.00
             652.00,146.00 652.00,111.00 652.00,111.00
             652.03,105.56 652.80,97.80 655.41,93.00
             660.29,84.04 672.47,78.47 680.89,86.22
             686.58,91.47 686.99,101.68 687.00,109.00
             687.00,109.00 687.00,146.00 687.00,146.00
             687.00,146.00 699.00,146.00 699.00,146.00
             699.00,146.00 699.00,111.00 699.00,111.00
             699.03,105.56 699.80,97.80 702.41,93.00
             707.29,84.04 719.47,78.47 727.89,86.22
             733.58,91.47 733.99,101.68 734.00,109.00
             734.00,109.00 734.00,146.00 734.00,146.00
             734.00,146.00 746.00,146.00 746.00,146.00
             746.00,146.00 746.00,108.00 746.00,108.00
             746.00,100.24 746.71,92.28 743.47,85.00
             737.45,71.48 720.34,68.39 708.00,75.04
             702.83,77.83 700.31,81.36 697.00,86.00
             691.66,75.13 685.81,71.88 674.00,72.00 Z
           M 806.00,148.00
           C 819.04,147.84 827.04,139.70 831.53,128.00
             834.35,120.68 834.09,113.67 834.00,106.00
             833.79,88.53 823.99,72.22 805.00,72.00
             792.81,71.86 789.23,73.97 781.00,83.00
             781.00,83.00 781.00,74.00 781.00,74.00
             781.00,74.00 769.00,74.00 769.00,74.00
             769.00,74.00 769.00,173.00 769.00,173.00
             769.00,173.00 781.00,173.00 781.00,173.00
             781.00,173.00 781.00,137.00 781.00,137.00
             789.76,146.62 793.21,148.15 806.00,148.00 Z
           M 950.00,108.00
           C 950.00,100.24 950.71,92.28 947.47,85.00
             942.65,74.17 934.85,71.88 924.00,72.00
             919.18,72.06 915.23,72.71 911.00,75.22
             907.08,77.55 904.70,80.44 902.00,84.00
             902.00,84.00 902.00,74.00 902.00,74.00
             902.00,74.00 890.00,74.00 890.00,74.00
             890.00,74.00 890.00,146.00 890.00,146.00
             890.00,146.00 902.00,146.00 902.00,146.00
             902.00,146.00 902.00,111.00 902.00,111.00
             902.03,105.56 902.80,97.80 905.41,93.00
             910.00,84.58 922.52,78.64 930.90,85.43
             936.87,90.27 937.91,99.78 938.00,107.00
             938.00,107.00 938.00,146.00 938.00,146.00
             938.00,146.00 950.00,146.00 950.00,146.00
             950.00,146.00 950.00,108.00 950.00,108.00 Z
           M 997.00,72.00
           C 980.91,72.20 971.25,84.98 969.15,100.00
             969.15,100.00 969.15,113.00 969.15,113.00
             969.21,130.54 979.15,145.92 998.00,146.00
             1010.26,146.05 1013.68,144.13 1022.00,135.00
             1021.85,138.19 1021.08,145.04 1020.21,148.00
             1019.47,150.52 1018.28,152.92 1016.61,154.96
             1009.80,163.24 997.54,163.76 988.00,160.78
             988.00,160.78 978.00,157.00 978.00,157.00
             978.00,157.00 978.00,170.00 978.00,170.00
             978.00,170.00 990.00,172.70 990.00,172.70
             999.76,174.10 1014.82,173.34 1022.99,167.36
             1030.64,161.77 1033.89,151.14 1034.00,142.00
             1034.00,142.00 1034.00,74.00 1034.00,74.00
             1034.00,74.00 1022.00,74.00 1022.00,74.00
             1022.00,74.00 1022.00,83.00 1022.00,83.00
             1013.24,73.38 1009.79,71.85 997.00,72.00 Z
           M 1157.01,76.70
           C 1155.55,74.76 1150.35,73.46 1148.00,72.90
             1139.41,70.84 1125.82,71.59 1118.00,75.90
             1102.55,84.42 1100.82,98.23 1101.00,114.00
             1101.22,132.39 1113.99,147.77 1133.00,148.00
             1138.50,148.06 1153.48,148.00 1157.01,143.30
             1158.46,141.36 1158.00,134.59 1158.00,132.00
             1158.00,132.00 1149.00,135.45 1149.00,135.45
             1141.33,138.15 1131.78,138.51 1125.00,133.44
             1109.78,122.08 1110.49,90.67 1130.00,83.85
             1141.23,79.92 1148.17,85.20 1158.00,88.00
             1158.00,85.41 1158.46,78.64 1157.01,76.70 Z
           M 1235.00,100.00
           C 1234.88,89.73 1230.78,79.59 1221.00,74.92
             1214.14,71.64 1207.36,71.92 1200.00,72.00
             1191.47,72.10 1186.89,74.22 1179.00,76.00
             1179.00,76.00 1179.00,88.00 1179.00,88.00
             1179.00,88.00 1190.00,84.16 1190.00,84.16
             1200.02,81.45 1213.97,80.97 1220.15,91.00
             1221.79,93.66 1222.39,96.98 1223.00,100.00
             1223.00,100.00 1203.00,100.00 1203.00,100.00
             1197.29,100.01 1193.41,100.26 1188.00,102.47
             1176.52,107.16 1173.87,114.50 1174.00,126.00
             1174.07,131.97 1175.10,136.37 1179.21,140.96
             1187.06,149.72 1204.28,150.29 1214.00,144.64
             1218.08,142.27 1220.21,139.68 1223.00,136.00
             1223.00,136.00 1223.00,146.00 1223.00,146.00
             1223.00,146.00 1235.00,146.00 1235.00,146.00
             1235.00,146.00 1235.00,100.00 1235.00,100.00 Z
           M 1272.00,83.00
           C 1272.00,83.00 1272.00,74.00 1272.00,74.00
             1272.00,74.00 1260.00,74.00 1260.00,74.00
             1260.00,74.00 1260.00,146.00 1260.00,146.00
             1260.00,146.00 1272.00,146.00 1272.00,146.00
             1272.00,134.39 1271.08,109.06 1273.52,99.00
             1275.92,89.14 1283.90,83.15 1294.00,83.76
             1294.00,83.76 1302.00,85.00 1302.00,85.00
             1302.00,85.00 1302.00,72.00 1302.00,72.00
             1286.95,72.00 1282.87,71.07 1272.00,83.00 Z
           M 853.00,74.00
           C 853.00,74.00 853.00,146.00 853.00,146.00
             853.00,146.00 865.00,146.00 865.00,146.00
             865.00,146.00 865.00,74.00 865.00,74.00
             865.00,74.00 853.00,74.00 853.00,74.00 Z
           M 114.82,86.56
           C 120.32,91.21 120.80,97.43 122.00,104.00
             122.00,104.00 81.00,104.00 81.00,104.00
             82.11,81.47 104.94,78.22 114.82,86.56 Z
           M 325.87,118.00
           C 324.39,127.74 318.73,136.81 308.00,137.61
             297.88,138.37 290.82,130.12 288.68,121.00
             285.20,106.15 287.53,85.06 306.00,82.61
             325.23,82.82 328.15,102.99 325.87,118.00 Z
           M 820.00,117.00
           C 818.54,127.33 813.65,136.78 802.00,137.61
             792.42,138.30 785.09,130.72 782.76,122.00
             778.78,107.04 781.33,84.98 800.00,82.61
             818.89,82.81 822.12,102.02 820.00,117.00 Z
           M 1016.36,128.91
           C 1013.29,132.87 1008.91,134.94 1004.00,135.52
             991.11,137.05 984.62,127.40 983.00,116.00
             980.97,101.69 983.23,85.50 1000.00,82.48
             1026.06,81.00 1024.75,118.09 1016.36,128.91 Z
           M 94.00,89.09
           C 89.74,91.54 87.96,94.71 86.00,99.00
             86.00,99.00 116.00,99.00 116.00,99.00
             113.94,88.21 103.48,83.63 94.00,89.09 Z
           M 293.36,121.00
           C 295.78,128.26 301.56,134.83 310.00,132.57
             327.51,127.88 326.88,84.17 304.00,87.43
             291.57,92.32 289.60,109.72 293.36,121.00 Z
           M 786.00,112.00
           C 786.04,115.35 786.19,117.76 787.22,121.00
             789.58,128.36 795.69,134.62 804.00,132.58
             821.29,128.35 821.40,84.23 798.00,87.42
             786.82,91.38 785.88,101.73 786.00,112.00 Z
           M 988.05,119.00
           C 990.45,126.70 996.44,132.53 1005.00,130.61
             1011.75,129.09 1014.97,123.28 1016.33,117.00
             1019.09,104.30 1015.90,85.25 999.00,87.39
             986.81,91.33 984.71,108.24 988.05,119.00 Z
           M 108.82,91.89
           C 110.85,93.33 111.74,94.95 113.00,97.00
             113.00,97.00 91.00,97.00 91.00,97.00
             94.20,90.61 102.66,87.53 108.82,91.89 Z
           M 230.96,129.15
           C 223.50,132.31 218.13,126.61 216.05,120.00
             213.12,110.64 213.73,96.29 223.04,90.85
             243.44,85.25 243.26,123.93 230.96,129.15 Z
           M 310.91,129.15
           C 303.56,132.35 298.08,126.48 296.05,120.00
             293.08,110.52 293.80,96.47 303.09,90.85
             322.94,85.29 323.60,123.62 310.91,129.15 Z
           M 804.96,129.15
           C 797.50,132.31 792.13,126.61 790.05,120.00
             787.12,110.64 787.73,96.29 797.04,90.85
             817.44,85.25 817.26,123.93 804.96,129.15 Z
           M 1013.85,115.00
           C 1013.06,119.83 1010.90,125.34 1005.98,127.26
             999.00,130.00 993.34,125.39 991.11,119.00
             987.92,109.89 988.79,95.81 998.02,90.74
             1013.22,87.09 1015.66,103.94 1013.85,115.00 Z
           M 1083.00,99.00
           C 1085.36,99.04 1088.46,98.94 1090.26,100.74
             1092.77,103.25 1092.77,115.75 1090.26,118.26
             1088.18,120.35 1083.76,120.00 1081.00,120.00
             1081.00,120.00 1058.00,120.00 1058.00,120.00
             1055.87,120.00 1052.11,120.14 1050.23,119.26
             1046.11,117.34 1046.05,105.84 1047.74,102.23
             1048.55,100.49 1048.91,100.69 1050.23,99.74
             1055.45,98.36 1076.32,98.91 1083.00,99.00 Z
           M 1052.00,104.00
           C 1052.00,104.00 1052.00,115.00 1052.00,115.00
             1052.00,115.00 1087.00,115.00 1087.00,115.00
             1087.00,115.00 1087.00,104.00 1087.00,104.00
             1087.00,104.00 1052.00,104.00 1052.00,104.00 Z
           M 600.53,124.00
           C 599.11,127.71 597.12,130.97 593.96,133.44
             587.24,138.70 574.11,139.45 568.72,131.90
             563.60,124.72 565.76,111.56 581.00,110.07
             581.00,110.07 595.00,109.00 595.00,109.00
             595.00,109.00 603.00,109.00 603.00,109.00
             602.81,113.10 601.98,120.25 600.53,124.00 Z
           M 1220.53,124.00
           C 1219.11,127.71 1217.12,130.97 1213.96,133.44
             1207.24,138.70 1194.11,139.45 1188.72,131.90
             1183.60,124.72 1185.76,111.56 1201.00,110.07
             1201.00,110.07 1215.00,109.00 1215.00,109.00
             1215.00,109.00 1223.00,109.00 1223.00,109.00
             1222.81,113.10 1221.98,120.25 1220.53,124.00 Z
           M 589.00,114.00
           C 585.74,114.01 583.23,113.93 580.00,114.68
             568.82,117.28 569.66,126.51 574.23,130.46
             578.41,134.29 585.69,133.39 589.98,130.46
             592.31,128.70 594.23,126.52 595.56,124.00
             597.21,120.88 597.71,117.46 598.00,114.00
             598.00,114.00 589.00,114.00 589.00,114.00 Z
           M 1209.00,114.00
           C 1205.74,114.01 1203.23,113.93 1200.00,114.68
             1188.82,117.28 1189.66,126.51 1194.23,130.46
             1198.41,134.29 1205.69,133.39 1209.98,130.46
             1212.31,128.70 1214.23,126.52 1215.56,124.00
             1217.21,120.88 1217.71,117.46 1218.00,114.00
             1218.00,114.00 1209.00,114.00 1209.00,114.00 Z
           M 591.35,124.96
           C 588.14,129.27 580.96,132.10 576.31,128.26
             572.99,125.51 573.55,120.15 578.11,118.26
             580.21,117.39 583.69,117.06 586.00,116.73
             590.41,116.10 590.47,116.04 595.00,116.00
             594.25,119.21 593.36,122.27 591.35,124.96 Z
           M 1211.35,124.96
           C 1208.14,129.27 1200.96,132.10 1196.31,128.26
             1192.99,125.51 1193.55,120.15 1198.11,118.26
             1200.21,117.39 1203.69,117.06 1206.00,116.73
             1210.41,116.10 1210.47,116.04 1215.00,116.00
             1214.25,119.21 1213.36,122.27 1211.35,124.96 Z" />
</svg>
